111111111111111111111111111111
111111111111111111111111111111
111111111111111111111111111111
111111111111111111111111111111
111111111111111111111111111111
111111100000000100000001111111
111111000000000100000000111111
111110000000000100000000011111
111110000000000100000000011111
111111000000001100000000111111
111111100000001110000001111111
111111100000001110000001111111
111111110000001110000011111111
111111110000001110000011111111
111111110000001110000011111111
111111110000001110000011111111
111111110000001110000011111111
111111110000001110000011111111
111111110000001110000011111111
111111110000001110000011111111
111111110000000100000011111111
111111110000000000000011111111
111111111000000000000111111111
111111111100000000001111111111
111111111111000000011111111111
111111111111111111111111111111
111111111111111111111111111111
111111111111111111111111111111
111111111111111111111111111111